$ 1 0.000005 15.472767971186109 49 5 50 5e-11
R -1136 128 -1168 128 0 1 40 1 0 0 0.5
d 80 512 144 512 2 1N4148
d 144 416 80 416 2 1N4148
a 80 576 240 576 8 9 0 1000000 4.499959430161985 4.4999550004499955 100000
174 144 416 160 496 1 2000 0.49010000000000004 Symmetry
w 80 368 80 416 0
a 512 592 624 592 8 9 0 1000000 4.477895342673457 4.47789933022259 100000
174 384 768 416 656 1 100000 0.005 Attenuverter
r 448 704 448 640 0 10000
r 448 768 448 704 0 10000
w 448 768 384 768 0
w 448 640 384 640 0
w 512 608 512 704 0
w 512 704 448 704 0
r 512 576 384 576 0 10000
w 384 576 384 640 0
r 624 528 512 528 0 10000
w 512 528 512 576 0
w 624 528 624 592 0
c 80 176 240 176 4 2.2000000000000002e-10 0.44293062907330505 0.001 0
r 736 32 624 32 0 10000
r 736 384 624 384 0 10000
174 736 384 800 32 1 50000 0.024800000000000003 Mix
r 736 384 928 384 0 10000
r 736 32 928 32 0 47000
w 928 32 928 208 0
w 928 208 928 384 0
w 832 208 800 208 0
w -896 112 -896 272 0
w -896 32 144 32 0
c 512 480 624 480 4 2.7e-11 -0.42085957056852497 0.001 0
w 416 704 448 704 0
a -1008 112 -896 112 8 15 -15 1000000 3.8265786714469106 3.8266169372336254 100000
w -896 32 -1008 32 0
w -1008 32 -1008 96 0
r -1056 128 -1056 240 0 100000
g -1056 240 -1056 256 0 0
r -176 640 -176 704 0 100000
174 -176 704 -160 768 1 10000 0.5 Bias
r -176 768 -176 832 0 100000
w -160 736 -112 736 0
w 80 512 80 416 0
w 384 576 304 576 0
w 160 464 176 464 0
r -896 416 -816 416 0 10000
r -816 416 -736 416 0 12000
c -736 416 -736 480 4 1e-8 -0.6317861638552023 0.001 0
a -656 432 -560 432 9 9 0 1000000 3.868175154843245 3.8681688365947933 100000
w -656 416 -736 416 0
w -656 448 -656 528 0
w -656 528 -560 528 0
w -560 528 -560 432 0
c -816 352 -560 352 4 2.2000000000000002e-8 -0.02326629221976395 0.001 0
w -816 352 -816 416 0
w -560 352 -560 432 0
a -480 544 -384 544 8 9 0 1000000 4.163267252354954 4.163266835948453 100000
r -480 528 -560 528 0 100000
r -480 560 -560 560 0 100000
r -384 464 -480 464 0 100000
w -384 464 -384 544 0
w -480 464 -480 528 0
r -480 560 -480 624 0 100000
w -560 560 -896 560 0
w -896 272 -896 416 0
r -288 544 -176 544 0 47000
r -288 544 -384 544 0 10000
r -288 352 -384 352 0 10000
r -288 352 -176 352 0 47000
w -384 352 -560 352 0
w -176 352 -176 448 0
w -176 448 -176 544 0
174 -288 544 -240 368 1 100000 0.44060000000000005 Filter
x -552 428 -530 431 4 12 LPF
x -379 535 -355 538 4 12 HPF
a -112 560 -16 560 8 9 0 1000000 4.499990013374644 4.499999999999995 100000
r -16 480 -112 480 0 100000
w -112 480 -112 544 0
w -112 544 -176 544 0
w -896 32 -896 112 0
w 80 544 80 560 0
w 80 544 80 512 0
x -599 251 -486 254 4 24 Input\sFilter
x -729 303 -615 306 4 12 1kHz\sSallen-Key\sLPF
x -410 583 -323 586 4 12 HPF\s\q\sVin\s-\sLPF
x -894 24 -877 27 4 12 Vin
x -351 318 -177 321 4 12 Crossmix\sbetween\sLPF\sand\sHPF
x -278 404 -252 407 4 12 Filter
x -321 474 -299 477 4 12 LPF
x -318 431 -294 434 4 12 HPF
x -222 723 -199 726 4 12 Bias
x 95 455 122 458 4 12 Sym.
x 85 475 118 478 4 12 (diode
x 85 491 131 494 4 12 steering)
x 298 671 363 674 4 12 Attenuverter
x 301 695 369 698 4 12 Non-inverted
x 301 711 315 714 4 12 0V
x 300 724 343 727 4 12 Inverted
x 701 194 719 197 4 12 Mix
x -893 602 -745 605 4 12 https://tinyurl.com/36ny6ccp
x -893 586 -717 589 4 12 Frequency\sResponse\sSimulation:
c -1136 128 -1056 128 4 0.000001 -4.441508534629026 0.001 0
r -1056 16 -1056 128 0 100000
R -1056 16 -1056 -16 0 0 40 9 0 0 0.5
w -1056 128 -1008 128 0
g -1040 864 -1040 880 0 0
r -1040 752 -1040 864 0 100000
R -1040 640 -1040 608 0 0 40 9 0 0 0.5
r -1040 640 -1040 752 0 100000
a -976 736 -864 736 8 15 -15 1000000 4.4999550004499955 4.5 100000
w -1040 752 -976 752 0
w -976 720 -976 672 0
w -976 672 -864 672 0
w -864 672 -864 736 0
207 -864 736 -832 736 5 gnd_ref
207 -736 480 -736 512 5 gnd_ref
207 -480 624 -480 656 5 gnd_ref
207 -240 448 -240 480 5 gnd_ref
g -176 832 -176 848 0 0
R -176 640 -176 608 0 0 40 9 0 0 0.5
w -16 480 -16 560 0
w -112 576 -112 736 0
r -16 560 80 560 0 10000
207 80 592 80 624 5 gnd_ref
174 80 256 160 224 1 10000 0.9950000000000001 Drive
w -896 416 -896 560 0
d 144 304 80 304 2 1N4148
d 80 368 144 368 2 1N4148
w 80 304 80 368 0
w 144 368 144 336 0
w 80 256 80 304 0
w 144 304 144 336 0
w 80 176 80 256 0
174 240 336 160 304 1 10000 0.9950000000000001 Drive
w 240 224 240 256 0
w 240 256 240 304 0
w 192 304 240 304 0
w 240 304 240 336 0
w 240 336 240 464 0
w 176 464 240 464 0
w 240 464 240 576 0
r 176 224 240 224 0 3300
w 240 176 240 208 0
w 240 208 240 224 0
w 128 224 176 224 0
w 176 256 240 256 0
w 624 480 624 528 0
w 512 480 512 528 0
w 304 576 240 576 0
w 144 32 624 32 0
w 624 384 624 480 0
207 384 768 384 800 5 gnd_ref
207 832 208 832 240 5 gnd_ref
a 1040 224 1152 224 8 9 0 1000000 4.499948859229491 4.4999550004499955 100000
r 1152 144 1040 144 0 100000
w 1040 144 1040 208 0
w 1152 144 1152 224 0
207 1040 240 1040 272 5 gnd_ref
w 1040 208 928 208 0
c -112 416 -16 416 4 1e-9 -0.9986725217511205 0.001 0
w -16 416 -16 480 0
w -112 416 -112 480 0
c 1152 224 1280 224 4 0.0000022 4.486586392884565 0.001 0
r 1280 224 1280 352 0 100000
g 1280 352 1280 368 0 0
O 1280 224 1344 224 0 0
x 266 259 572 262 4 12 Dual\sgang\sdrive\spot\sbypasses\sassymetric\ssteering\sdiodes\s
x 265 276 549 279 4 12 at\shigher\sgain\svalues\sby\sallowing\ssymmetrical\sclipping
x 264 293 403 296 4 12 diode\scurrent\sto\sdominate.
x 109 279 156 282 4 12 Drive\s(A)
x 168 358 215 361 4 12 Drive\s(B)
x 775 515 882 518 4 16 Potentiometers
x 774 536 928 539 4 12 Drive:\s10k\sLinear\sDual\sGang\s
x 773 550 869 553 4 12 Filter:\s100k\sLinear
x 773 564 859 567 4 12 Bias:\s10k\sLinear
x 773 578 907 581 4 12 Attenuverter:\s100k\sLinear
x 773 592 883 595 4 12 Symmetry:\s2k\sLinear
x 773 606 854 609 4 12 Mix:\s50k\sLinear
x 772 666 814 669 4 12 TL074H
x 773 645 840 648 4 16 Op-Amps
o 164 16 0 12290 1.0660005693963561 0.0001 0 1
